0.04772727272727273
0.030637870416875934
0.10664479081214107
0.512753433616743
0
0.020266357845975635
0.04656862745098034
0.24841695080370185
0.12829629629629624
0.28935905413814567
0.22917251051893406
0.26876640419947506
0.2271944922547332
0.3305613305613305
0.10707803992740472
0.2980608091932009
0.007719298245614015
0.034782608695652195
0.5363321799307958
0.11652493679613884
0.07381889763779526
0.022031823745410017
0.06398104265402849
0.7041800643086817
0.02910052910052907
0.2672750977835724
0.00540175557056044
0.09421551557361196
0.07989821882951653
0.1148479427549195
0.015492253873063522
0.09292763157894735
0.05594405594405594
0.1082728592162554
0.04800000000000004
0.06171574903969268
0.009358914365933502
0.08616780045351469
0.611417450535193
0.28120145002589336
0.18175372252422595
0.03956834532374098
0.008409014463504838
0.01520467836257311
0.1953735542356987
0.0727824109173616
0.026622793897696728
0.17517328292375556
0.17018859350147697
0.028449880350970513
0.06621226874391428
0
0.04379232505643338
0.020928116469517755
0.0016694490818029983
0.2882859379076441
0.018094089264173663
0.011825785982117143
0.3057080131723381
0.008042895442359255
0.022499999999999964
0.3924386469157639
0.07823883433639534
0.012345679012345734
0.24421437271619972
0.00946870068385064
0.21465629053177693
0.04761904761904767
0.24301869374567275
0.1791331031837361
0.020586946999561984
0.5177055896985661
0.009292929292929242
0.21566861773975687
0.07029812292970183
0.0028142589118198558
0.03727246460560529
0
0.2572614107883817
0.029911624745071363
0.47994825355756787
0.14372855508959204
0.0412051395657953
0.00036271309394264595
0.003079291762894565
0.7600440286186021
0.014351475764960764
1.1719942256135285
0.003548387096774186
0.10803571428571423
0.061249615266235735
0.18752908329455564
0
0.4410377358490566
0.20554550934297766
0.020198974977389206
0.5846514352665495
0.6912621359223301
0.25831622176591373
0.02161694768698663
0.6740331491712708
0.2008676789587852
0.0028985507246376274
0.2147344374643061
0.002159827213822907
0.7172342621259029
0.10467222021006883
0.2690863579474343
0.23533149756407545
0.7710776102735901
1.2256509161041467
0.3501827040194885
0.4173134328358209
0.04969485614646907
0.05442804428044279
0.19220999153259954
0.3012875536480687
0.1268264172998247
0.31753554502369663
0.30977570884468897
0.2047619047619048
0.4731481481481481
1.2240132258731142
0.25170998632010944
0.04732394366197179
0.08270676691729328
0.036743923120406974
0
0.04690743046907431
0.7275541795665634
0.09953800923981515
0.35004248088360235
0.09677419354838712
0.4452954048140044
0.03296703296703296
0.1016311166875784
0.09171861086375777
0.33526850507982586
0.26202158979391565
0.28057553956834536
0.0029325513196480912
0.0024038461538461453
0.0494505494505495
0.24866105585309872
0.050057537399309515
0.02218198279764594
0.14445399828030958
0.1162102146558105
0.08865468071915683
0.11592632719393281
0.4623122502411465
0.16985718626557278
0.04806201550387601
0.09433962264150941
0.32384497481935626
0.012686567164179152
0.005880318228986492
0.016695957820738183
0.3351126927639383
0.13424657534246576
0.9574468085106383
0.058064516129032295
0.010673234811165888
0.03052182474565146
0.38327526132404177
0.7489507821442198
0.19650655021834063
0.053147996729354
0.4005616543272913
0.22554144884241967
0.08310700706137963
0.5063357972544879
0.48460291734197736
0
0.07954062101233517
0.34519572953736655
0.03141831238779169
0.0462062256809338
0.10872894333843797
0.015404364569961526
0.0031319910514541194
0.6068122917437986
0.156498673740053
0.020000000000000018
0.09689408016989642
0.12278928751894902
