0.04318181818181821
0.6455828541557762
0.7041383570105003
0.514061478090255
0.0
0.015634047481181246
0.5717830556540233
0.4486117876278617
0.12888888888888894
0.9130704750077616
0.6790419161676646
0.26351706036745404
0.2243258749282846
0.4480249480249481
0.15208711433756805
0.8242757960258559
0.13361117921059085
0.2579710144927536
0.686159169550173
0.08296943231441045
0.11220472440944884
0.020195838433292534
0.49210110584518163
0.7756341550553769
0.8121693121693122
0.688135593220339
0.008777852802160702
0.07719094602437604
0.09516539440203564
0.11341681574239715
0.013493253373313308
0.41776315789473684
0.0038143674507310488
0.144267053701016
0.04470588235294115
0.04839948783610759
0.008890968647636832
0.09920634920634919
0.7667855984430749
0.27187985499741063
0.668636256204207
0.17865707434052758
0.006390850992263664
0.014619883040935644
0.2578930915911223
0.06482183472327518
0.2461860604247682
0.19785759294265914
0.4978315453092901
0.10183461845253927
0.02434274586173324
0.0
0.00586907449209928
0.060964513193812575
0.0011129660545353692
0.6102269762588051
0.010253317249698468
0.008364580328814486
0.362788144895719
0.0060321715817693855
0.009166666666666656
0.4512491709042671
0.03959455178967375
0.04938271604938271
0.8081607795371498
0.007890583903208848
0.3625162127107653
0.02481556002682761
0.24301869374567275
0.4438051400076717
0.4261936049058257
0.6453028972783144
0.22262922262922258
0.5281404772624944
0.09532572690467422
0.7677475898334793
0.004334007512279636
0.0
0.6784232365145229
0.021074099252209377
0.8679046212281072
0.5691955775829203
0.38622327790973876
0.42926999650716036
0.008468052347959998
0.879471656576775
0.01543460601137292
0.8633062793677915
0.6532988357050453
0.16339285714285712
0.5757218621096052
0.7989762680316426
0.0004391743522178526
0.5448113207547169
0.14855072463768115
0.016581248115767222
0.9783245459871119
0.8233009708737864
0.42094455852156054
0.22327996538295114
0.8942475305055201
0.2164859002169197
0.0028985507246376274
0.558066211245402
0.9014373716632443
0.8399390243902439
0.5675479898587468
0.7347252072459318
0.29675916119466217
0.7733109994416527
0.11364355808800253
0.5243605359317904
0.6997014925373135
0.1866404715127702
0.2564575645756457
0.2543042619249224
0.33390557939914167
0.3874926943308007
0.30094786729857825
0.39610664409648755
0.3068046159968165
0.7407407407407407
0.9686247167509151
0.3378932968536251
0.0726760563380282
0.08485499462943069
0.002826455624646673
0.0
0.9500324464633355
0.9040247678018576
0.09113817723645523
0.9857187208941323
0.8011107254425547
0.7964989059080962
0.027472527472527486
0.2521957340025094
0.24220837043633126
0.36719883889695215
0.5446516192345436
0.2390087929656275
0.0029325513196480912
0.0036057692307692735
0.06654456654456653
0.9135424636572302
0.018411967779056404
0.08103214124038027
0.5124677558039552
0.13767579570688382
0.3353998760074396
0.13976164680390035
0.7382153668732881
0.17654208447280462
0.07906976744186045
0.3864430468204053
0.8703744252244362
0.07611940298507458
0.003804911795226573
0.01581722319859402
0.5889679715302492
0.15433789954337895
0.8916827852998066
0.8444816053511706
0.012315270935960632
0.29570068920249426
0.38153310104529614
0.9603204883632201
0.9912663755458515
0.19651131098391927
0.3791166709216237
0.6072751768272145
0.22596414991852254
0.5026399155227033
0.7477696674776967
0.0
0.9035653650254669
0.6128113879003558
0.09335727109515257
0.5432879377431907
0.4719754977029097
0.011553273427471145
0.0031319910514541194
0.6075527582376897
0.32307692307692304
0.025833333333333375
0.09689408016989642
0.1834259727134917
